0 1 0.702909
0 2 0.138951
0 3 0.138951
0 4 0.455102
0 5 0.138951
0 6 0.138951
0 7 0.381061
0 8 0.381061
0 9 0.381061
0 10 0.138951
0 12 0.138951
0 13 0.138952
0 14 0.138951
0 15 0.138952
0 16 0.138952
0 17 0.138951
0 18 0.138952
0 19 0.208073
0 20 0.138951
0 22 0.381061
0 23 0.138951
0 25 0.138951
0 26 0.138951
0 27 0.381061
0 28 0.138951
0 29 0.138951
0 30 0.381061
0 34 0.138951
0 35 0.381061
0 37 0.138951
0 38 0.138951
0 39 0.381061
0 40 0.138951
0 41 0.138951
0 42 0.138951
0 43 0.138951
0 44 0.138951
0 45 0.138952
0 46 0.381061
0 47 0.138951
0 49 0.702909
0 50 0.382774
0 51 0.470441
0 52 0.382774
0 53 0.382774
0 54 0.382774
0 55 0.381061
0 56 0.381061
0 57 0.138951
0 58 0.138951
0 59 0.381061
0 60 0.381061
0 61 0.381061
0 63 0.138951
0 64 0.381061
0 65 0.138951
0 66 0.381061
0 67 0.702909
0 68 0.381061
0 71 0.235658
0 72 0.382774
0 73 0.138951
0 74 0.381061
0 75 0.834404
0 76 0.982581
0 77 0.208073
0 79 0.949315
0 80 0.936651
0 81 0.381061
0 82 0.137472
0 83 0.985525
0 85 0.138951
0 86 0.381061
0 87 0.702909
0 88 0.381061
0 89 0.138951
0 90 0.138951
0 91 0.378137
0 92 0.949315
0 93 0.969982
0 94 0.138951
0 95 0.138951
0 97 0.381061
0 98 0.138951
0 100 0.138952
0 101 0.138952
0 102 0.138952
1 2 0.170035
1 3 0.381061
1 4 0.381061
1 5 0.983609
1 6 0.964132
1 7 0.773444
1 8 0.438711
1 9 0.935124
1 10 0.159215
1 12 0.954901
1 13 0.170036
1 14 0.75023
1 15 0.478402
1 16 0.138952
1 17 0.138951
1 18 0.170036
1 19 0.999151
1 20 0.381061
1 22 0.438711
1 23 0.381061
1 25 0.435303
1 26 0.438711
1 27 0.381061
1 28 0.999714
1 29 0.999714
1 30 0.999714
1 31 0.999139
1 32 0.999151
1 33 0.999328
1 34 0.999713
1 35 0.381061
1 37 0.438711
1 38 0.138951
1 39 0.381061
1 40 0.170035
1 41 0.438711
1 42 0.138951
1 43 0.137303
1 44 0.438711
1 45 0.170036
1 46 0.702909
1 47 0.996823
1 48 0.899642
1 49 0.999906
1 50 0.985924
1 51 0.381061
1 52 0.98082
1 53 0.75023
1 54 0.996027
1 55 0.999997
1 56 0.999997
1 57 0.999906
1 58 0.381061
1 59 1.0
1 60 0.381061
1 61 0.702909
1 62 0.208073
1 63 0.419434
1 64 0.964132
1 65 0.92745
1 66 1.0
1 67 1.0
1 68 0.381061
1 69 0.208073
1 70 0.208073
1 71 0.250128
1 72 0.440498
1 73 0.935563
1 74 0.999637
1 75 0.999636
1 76 0.999996
1 77 0.999896
1 78 0.971481
1 79 0.987675
1 80 0.999663
1 81 0.948184
1 82 0.954901
1 83 1.0
1 84 0.996767
1 85 0.999637
1 86 0.702909
1 87 1.0
1 88 0.438711
1 89 0.170035
1 90 0.987675
1 91 0.964132
1 92 0.381061
1 93 0.421201
1 94 0.381061
1 95 0.138951
1 97 0.381061
1 98 0.381061
1 100 0.438712
1 101 0.138952
1 102 0.381062
2 3 0.138951
2 4 0.138951
2 5 0.835636
2 6 0.910986
2 7 0.860734
2 8 0.170036
2 9 0.764812
2 10 0.138951
2 12 0.992791
2 13 0.170036
2 14 0.170035
2 15 0.170036
2 16 0.138952
2 17 0.138951
2 18 0.170036
2 20 0.138951
2 22 0.170035
2 23 0.138951
2 25 0.999994
2 26 0.289439
2 27 0.138951
2 28 0.170036
2 29 0.170036
2 30 0.170036
2 32 0.209271
2 33 0.080401
2 34 0.170036
2 35 0.138951
2 37 0.170035
2 38 0.138951
2 39 0.138951
2 40 0.835636
2 41 0.170035
2 42 0.138951
2 43 0.800186
2 44 0.170035
2 45 0.568692
2 46 0.138478
2 47 0.835636
2 48 0.074771
2 49 0.992791
2 50 0.170035
2 51 0.138951
2 52 0.835636
2 53 0.170035
2 54 0.229338
2 55 0.159215
2 56 0.170035
2 57 0.138951
2 58 0.138951
2 59 0.170035
2 60 0.138951
2 61 0.138951
2 62 0.074771
2 63 0.138951
2 64 0.170035
2 65 0.138951
2 66 0.170035
2 67 0.170035
2 68 0.138951
2 69 0.630864
2 71 0.093049
2 72 0.170035
2 73 0.138951
2 74 0.138951
2 75 0.138951
2 76 0.138951
2 79 0.138951
2 80 0.138951
2 81 0.170035
2 82 0.138951
2 83 0.138951
2 85 0.138951
2 86 0.138951
2 87 0.382774
2 88 0.170035
2 89 0.170035
2 90 0.138951
2 91 0.170035
2 92 0.138951
2 93 0.138951
2 94 0.138951
2 95 0.800186
2 97 0.138951
2 98 0.138951
2 100 0.170036
2 101 0.138952
2 102 0.138952
3 4 0.138951
3 5 0.381061
3 6 0.99845
3 7 0.381061
3 8 0.138952
3 9 0.381061
3 10 0.138951
3 12 0.954901
3 13 0.138478
3 14 0.381061
3 15 0.381062
3 16 0.138952
3 17 0.138951
3 18 0.138952
3 19 0.208073
3 20 0.381061
3 22 0.381061
3 23 0.138951
3 25 0.381061
3 26 0.381061
3 27 0.381061
3 28 0.381061
3 29 0.138951
3 30 0.138951
3 32 0.208073
3 34 0.138951
3 35 0.138951
3 37 0.138951
3 38 0.138951
3 39 0.138951
3 40 0.138951
3 41 0.159215
3 42 0.138951
3 43 0.138951
3 44 0.138951
3 45 0.138952
3 46 0.734836
3 47 0.138951
3 49 0.999637
3 50 0.381061
3 51 0.381061
3 52 0.381061
3 53 0.138951
3 54 0.138951
3 55 0.381061
3 56 0.381061
3 57 0.138951
3 58 0.381061
3 59 0.381061
3 60 0.138951
3 61 0.138951
3 62 0.262772
3 63 0.381061
3 64 0.954901
3 65 0.138951
3 66 0.381061
3 67 0.949315
3 68 0.381061
3 71 0.208073
3 72 0.138951
3 73 0.138951
3 74 0.381061
3 75 0.381061
3 76 0.381061
3 77 0.208073
3 79 0.138951
3 80 0.138951
3 81 0.1796
3 82 0.954729
3 83 0.381061
3 85 0.381061
3 86 0.138951
3 87 0.381061
3 88 0.381061
3 89 0.138951
3 90 0.138951
3 91 0.381061
3 92 0.381061
3 93 0.138951
3 94 0.381061
3 95 0.138951
3 97 0.138951
3 98 0.138951
3 100 0.138952
3 101 0.138952
3 102 0.138952
4 5 0.917568
4 6 0.138951
4 7 0.381061
4 8 0.381061
4 9 0.381061
4 10 0.138951
4 12 0.138951
4 13 0.138952
4 14 0.138951
4 15 0.381062
4 16 0.138952
4 17 0.138951
4 18 0.138952
4 19 0.208073
4 20 0.138951
4 22 0.381061
4 23 0.379815
4 25 0.138951
4 26 0.138951
4 27 0.381061
4 28 0.138951
4 29 0.138951
4 30 0.138951
4 32 0.085443
4 34 0.138951
4 35 0.998148
4 37 0.702909
4 38 0.138951
4 39 0.998148
4 40 0.822815
4 41 0.998148
4 42 0.998148
4 43 0.138951
4 44 0.138951
4 45 0.179601
4 46 0.702909
4 47 0.138951
4 49 0.138951
4 50 0.138951
4 51 0.381061
4 52 0.138951
4 53 0.138951
4 54 0.138951
4 55 0.138951
4 56 0.381061
4 57 0.1796
4 58 0.381061
4 59 0.381061
4 60 0.381061
4 61 0.381061
4 62 0.262772
4 63 0.138951
4 64 0.138951
4 65 0.138951
4 66 0.381061
4 67 0.419434
4 68 0.381061
4 69 0.208073
4 70 0.085443
4 71 0.888803
4 72 0.138951
4 73 0.138951
4 74 0.381061
4 75 0.455102
4 76 0.949315
4 77 0.911166
4 79 0.138951
4 80 0.138951
4 81 0.949059
4 82 0.381061
4 83 0.381061
4 84 0.085443
4 85 0.381061
4 86 0.998148
4 87 0.138951
4 88 0.998148
4 89 0.138951
4 90 0.138951
4 91 0.381061
4 92 1.0
4 93 0.138951
4 94 0.381061
4 95 0.138951
4 97 0.381061
4 98 0.138951
4 100 0.138952
4 101 0.138952
4 102 0.138952
5 6 0.999928
5 7 0.998528
5 8 0.170035
5 9 0.138951
5 10 0.138951
5 12 0.9981
5 13 0.170036
5 14 0.438711
5 15 0.438712
5 16 0.138952
5 17 0.138951
5 18 0.170036
5 20 0.985525
5 21 0.209271
5 22 0.438711
5 23 0.138951
5 25 0.170035
5 26 0.75023
5 27 0.381061
5 28 0.170035
5 29 0.170035
5 30 0.170035
5 33 0.080401
5 34 0.170035
5 35 0.138951
5 37 0.170035
5 38 0.138951
5 39 0.138951
5 40 0.856443
5 41 0.170035
5 42 0.138951
5 43 0.800186
5 44 0.170035
5 45 0.170036
5 46 0.138951
5 47 0.999995
5 48 0.883936
5 49 0.999973
5 50 0.438711
5 51 0.381061
5 52 0.999895
5 53 0.973093
5 54 0.930574
5 55 0.138951
5 56 0.170035
5 57 0.966086
5 58 0.138951
5 59 0.16929
5 60 0.138951
5 61 0.138951
5 62 0.208073
5 63 0.949309
5 64 0.437409
5 65 0.138951
5 66 0.170035
5 67 0.999802
5 68 0.455102
5 69 0.630864
5 71 0.281308
5 72 0.170035
5 73 0.99954
5 74 0.138951
5 75 0.138951
5 76 0.381061
5 79 0.138951
5 80 0.138951
5 81 0.170035
5 82 0.954901
5 83 0.810735
5 85 0.138951
5 86 0.138951
5 87 0.138951
5 88 0.170035
5 89 0.170035
5 90 0.159215
5 91 0.964132
5 92 0.976994
5 93 0.138951
5 94 0.945941
5 95 0.991397
5 97 0.138951
5 98 0.949315
5 100 0.170036
5 101 0.138952
5 102 0.138952
6 7 0.999933
6 8 0.170035
6 9 0.377205
6 10 0.138951
6 11 0.703125
6 12 0.99845
6 13 0.875709
6 14 0.998779
6 15 0.998779
6 16 0.138952
6 17 0.847323
6 18 0.875709
6 19 0.208073
6 20 0.99845
6 22 0.998779
6 23 0.138951
6 25 0.964132
6 26 0.998414
6 27 0.954901
6 28 0.438711
6 29 0.170035
6 30 0.170035
6 32 0.208073
6 33 0.080401
6 34 0.170035
6 35 0.138951
6 37 0.875709
6 38 0.138951
6 39 0.138951
6 40 0.170035
6 41 0.170035
6 42 0.138951
6 43 0.992332
6 44 0.170035
6 45 0.170036
6 46 0.847323
6 47 0.170035
6 49 1.0
6 50 0.959641
6 51 0.954901
6 52 0.998779
6 53 0.170035
6 54 0.170035
6 55 0.419434
6 56 0.438711
6 57 0.138951
6 58 0.381061
6 59 0.438711
6 60 0.138951
6 61 0.138951
6 62 0.888803
6 63 0.998932
6 64 0.999997
6 65 0.138951
6 66 0.438711
6 67 0.998959
6 68 0.954901
6 71 0.997143
6 72 0.170035
6 73 0.847323
6 74 0.954901
6 75 0.954901
6 76 0.99845
6 77 0.900001
6 79 0.847323
6 80 0.847323
6 81 0.170035
6 82 0.999986
6 83 0.99845
6 85 0.381061
6 86 0.138951
6 87 0.455102
6 88 0.438711
6 89 0.170035
6 90 0.138951
6 91 0.964132
6 92 0.381061
6 93 0.138951
6 94 0.999999
6 95 0.992362
6 97 0.138951
6 98 0.847323
6 100 0.170036
6 101 0.138952
6 102 0.138952
7 8 0.381061
7 9 0.949315
7 10 0.138951
7 12 0.998768
7 13 0.734837
7 14 0.975979
7 15 0.381062
7 16 0.138952
7 17 0.847323
7 18 0.138952
7 19 0.208073
7 20 0.986297
7 22 0.381061
7 23 0.381061
7 25 0.381061
7 26 0.999998
7 27 0.381061
7 28 0.381061
7 29 0.138951
7 30 0.381061
7 32 0.208073
7 34 0.138951
7 35 0.381061
7 37 0.381061
7 38 0.138951
7 39 0.381061
7 40 0.993136
7 41 0.381061
7 42 0.138951
7 43 0.999999
7 44 0.381061
7 45 0.138952
7 46 0.70208
7 47 0.971648
7 48 0.209271
7 49 1.0
7 50 0.381061
7 51 0.381061
7 52 0.999991
7 53 0.382774
7 54 0.138951
7 55 0.381061
7 56 0.381061
7 57 0.382774
7 58 0.379815
7 59 0.381061
7 60 0.935124
7 61 0.702909
7 62 0.888803
7 63 0.997725
7 64 0.999996
7 65 0.382774
7 66 0.92696
7 67 0.986297
7 68 0.381061
7 69 0.909607
7 70 0.074771
7 71 0.888803
7 72 0.138951
7 73 0.382774
7 74 0.381061
7 75 0.381061
7 76 0.381061
7 77 0.208073
7 79 0.949315
7 80 0.138951
7 81 0.381061
7 82 0.999999
7 83 0.949315
7 85 0.381061
7 86 0.702909
7 87 0.381061
7 88 0.381061
7 89 0.138951
7 90 0.138951
7 91 0.954901
7 92 0.381061
7 93 0.138951
7 94 1.0
7 95 1.0
7 97 0.381061
7 98 0.949315
7 100 0.381062
7 101 0.138952
7 102 0.138952
8 9 0.381061
8 10 0.138951
8 12 0.381061
8 13 0.170036
8 14 0.170035
8 15 0.438712
8 16 0.138952
8 17 0.138951
8 18 0.170036
8 19 0.208073
8 20 0.381061
8 22 0.438711
8 23 0.381061
8 25 0.170035
8 26 0.170035
8 27 0.381061
8 28 0.170035
8 29 0.170035
8 30 0.438711
8 33 0.080401
8 34 0.170035
8 35 0.381061
8 37 0.438711
8 38 0.138951
8 39 0.381061
8 40 0.170035
8 41 0.514639
8 42 0.138951
8 43 0.138951
8 44 0.170035
8 45 0.170036
8 46 0.381061
8 47 0.170035
8 49 0.381061
8 50 0.170035
8 51 0.381061
8 52 0.170035
8 53 0.170035
8 54 0.170035
8 55 0.381061
8 56 0.438711
8 57 0.138951
8 58 0.381061
8 59 0.438711
8 60 0.378137
8 61 0.381061
8 62 0.208073
8 63 0.138951
8 64 0.438711
8 65 0.138951
8 66 0.438711
8 67 0.478401
8 68 0.381061
8 69 0.208074
8 71 0.250128
8 72 0.170035
8 73 0.138951
8 74 0.381061
8 75 0.381061
8 76 0.381061
8 77 0.208073
8 79 0.949315
8 80 0.949315
8 81 0.438711
8 82 0.381061
8 83 0.381061
8 85 0.381061
8 86 0.419434
8 87 0.381061
8 88 0.438711
8 89 0.215375
8 90 0.138951
8 91 0.438711
8 92 0.381061
8 93 0.138951
8 94 0.381061
8 95 0.138951
8 97 0.381061
8 98 0.138951
8 100 0.170036
8 101 0.936651
8 102 0.138952
9 10 0.138478
9 12 0.381061
9 13 0.138478
9 14 0.138478
9 15 0.381062
9 16 0.138952
9 17 0.138951
9 18 0.138952
9 19 0.208073
9 20 0.381061
9 22 0.999989
9 23 1.0
9 25 0.419434
9 26 0.381061
9 27 0.996901
9 28 0.381061
9 29 0.381061
9 30 0.381061
9 34 0.138951
9 35 0.381061
9 37 0.381061
9 38 0.138951
9 39 0.381061
9 40 0.138951
9 41 0.419434
9 42 0.138951
9 43 0.138951
9 44 0.177778
9 45 0.138952
9 46 0.999982
9 47 0.138951
9 49 0.999637
9 50 0.138951
9 51 0.999506
9 52 0.138951
9 53 0.381061
9 54 0.138951
9 55 0.775335
9 56 0.381061
9 57 0.381061
9 58 0.381061
9 59 0.378137
9 60 0.381061
9 61 0.381061
9 62 0.208073
9 63 0.138951
9 64 0.948714
9 65 0.81617
9 66 0.381061
9 67 0.381061
9 68 0.949315
9 69 0.900358
9 71 0.999788
9 72 0.138951
9 73 0.474947
9 74 0.996901
9 75 0.934823
9 76 0.91359
9 77 0.984944
9 79 0.949315
9 80 0.949315
9 81 0.381061
9 82 0.954901
9 83 0.342206
9 85 0.381061
9 86 0.381061
9 87 0.381061
9 88 0.381061
9 89 0.138951
9 90 0.949315
9 91 0.381061
9 92 0.949315
9 93 0.138951
9 94 0.419434
9 95 0.138951
9 97 0.381061
9 98 0.138951
9 100 0.138952
9 101 0.138952
9 102 0.138952
10 12 0.138951
10 13 0.138952
10 14 0.138951
10 15 0.138952
10 16 0.138952
10 17 0.138951
10 18 0.138952
10 20 0.138951
10 22 0.92541
10 23 0.138951
10 25 0.138951
10 26 0.138951
10 27 0.138951
10 28 0.138951
10 29 0.138951
10 30 0.138951
10 34 0.138951
10 35 0.138951
10 37 0.138951
10 38 0.138951
10 39 0.138951
10 40 0.138951
10 41 0.138951
10 42 0.138951
10 43 0.138951
10 44 0.138951
10 45 0.138952
10 46 0.790712
10 47 0.138951
10 49 0.954557
10 50 0.138951
10 51 0.138951
10 52 0.138951
10 53 0.138951
10 54 0.138951
10 55 0.138951
10 56 0.138951
10 57 0.138951
10 58 0.454754
10 59 0.138951
10 60 0.138951
10 61 0.138951
10 63 0.138951
10 64 0.138951
10 65 0.815945
10 66 0.138951
10 67 0.138951
10 68 0.138951
10 71 0.208073
10 72 0.138951
10 73 0.138951
10 74 0.138951
10 75 0.138951
10 76 0.138478
10 79 0.138951
10 80 0.138951
10 81 0.138951
10 82 0.138951
10 83 0.138951
10 85 0.138951
10 86 0.138951
10 87 0.138951
10 88 0.138951
10 89 0.569102
10 90 0.138951
10 91 0.135957
10 92 0.138951
10 93 0.138951
10 94 0.138951
10 95 0.138951
10 96 0.074771
10 97 0.138951
10 98 0.138951
10 100 0.138952
10 101 0.138952
10 102 0.138952
11 12 0.703125
11 30 0.085443
11 44 0.278517
11 49 0.703125
11 55 0.278517
11 73 0.343697
11 74 0.085443
11 82 0.703125
11 91 0.090389
12 13 0.847323
12 14 0.954901
12 15 0.954901
12 16 0.847323
12 17 0.847323
12 18 0.138952
12 19 0.208073
12 20 0.954901
12 22 0.381061
12 23 0.138951
12 25 0.381061
12 26 0.997987
12 27 0.954901
12 28 0.381061
12 29 0.137303
12 30 0.138951
12 32 0.208073
12 34 0.138951
12 35 0.381061
12 37 0.954901
12 38 0.138951
12 39 0.138951
12 40 0.800186
12 41 0.138951
12 42 0.138951
12 43 0.992791
12 44 0.893712
12 45 0.138952
12 46 0.138951
12 47 0.800186
12 49 1.0
12 50 0.381061
12 51 0.381061
12 52 0.947169
12 53 0.138951
12 54 0.138951
12 55 0.381061
12 56 0.419434
12 57 0.138951
12 58 0.381061
12 59 0.381061
12 60 0.381061
12 61 0.381061
12 62 0.900358
12 63 0.99845
12 64 0.954901
12 65 0.138951
12 66 0.381061
12 67 0.99845
12 68 0.381061
12 69 0.630864
12 71 0.208073
12 72 0.138951
12 73 0.847323
12 74 0.954901
12 75 0.954901
12 76 0.954901
12 77 0.900358
12 79 0.138951
12 80 0.99845
12 81 0.138951
12 82 0.954901
12 83 0.954901
12 85 0.381061
12 86 0.138951
12 87 0.381061
12 88 0.381061
12 89 0.847323
12 90 0.138951
12 91 0.954901
12 92 0.381061
12 93 0.138951
12 94 0.954901
12 95 0.992791
12 97 0.138951
12 98 0.99845
12 100 0.138952
12 101 0.138952
12 102 0.138952
13 14 0.170036
13 15 0.170036
13 16 0.138952
13 17 0.138952
13 18 0.170036
13 20 0.138952
13 22 0.170036
13 23 0.138952
13 25 0.170036
13 26 0.170036
13 27 0.138952
13 28 0.170036
13 29 0.170036
13 30 0.170036
13 33 0.080401
13 34 0.170036
13 35 0.138952
13 37 0.170036
13 38 0.138952
13 39 0.138952
13 40 0.170036
13 41 0.170036
13 42 0.138952
13 43 0.138952
13 44 0.170036
13 45 0.169477
13 46 0.734837
13 47 0.170036
13 49 0.734837
13 50 0.170036
13 51 0.138952
13 52 0.170036
13 53 0.170036
13 54 0.170036
13 55 0.137303
13 56 0.170036
13 57 0.138952
13 58 0.138952
13 59 0.170036
13 60 0.138952
13 61 0.138952
13 63 0.138952
13 64 0.778674
13 65 0.138952
13 66 0.170036
13 67 0.170036
13 68 0.734837
13 71 0.080401
13 72 0.170036
13 73 0.138952
13 74 0.138952
13 75 0.138952
13 76 0.138952
13 79 0.138952
13 80 0.138952
13 81 0.170036
13 82 0.138952
13 83 0.138952
13 85 0.138952
13 86 0.138952
13 87 0.138952
13 88 0.170036
13 89 0.170036
13 90 0.138952
13 91 0.170036
13 92 0.138952
13 93 0.138952
13 94 0.138952
13 95 0.138952
13 97 0.138952
13 98 0.138952
13 100 0.170036
13 101 0.138952
13 102 0.138952
14 15 0.438712
14 16 0.138952
14 17 0.138951
14 18 0.170036
14 20 0.381061
14 21 0.209271
14 22 0.438711
14 23 0.138951
14 25 0.170035
14 26 0.170035
14 27 0.455102
14 28 0.438711
14 29 0.170035
14 30 0.170035
14 32 0.208073
14 33 0.080401
14 34 0.170035
14 35 0.138951
14 37 0.170035
14 38 0.159215
14 39 0.138951
14 40 0.170035
14 41 0.170035
14 42 0.138951
14 43 0.138951
14 44 0.170035
14 45 0.170036
14 46 0.382774
14 47 0.440498
14 49 0.982581
14 50 0.438711
14 51 0.381061
14 52 0.438711
14 53 0.440498
14 54 0.440498
14 55 0.381061
14 56 0.438711
14 57 0.382774
14 58 0.138951
14 59 0.438711
14 60 0.138951
14 61 0.382774
14 62 0.208073
14 63 0.949315
14 64 0.75023
14 65 0.382774
14 66 0.438711
14 67 0.9654
14 68 0.702909
14 71 0.250128
14 72 0.170035
14 73 0.138951
14 74 0.381061
14 75 0.138951
14 76 0.702909
14 77 0.501423
14 79 0.138951
14 80 0.138951
14 81 0.170035
14 82 0.954901
14 83 0.91359
14 85 0.138951
14 86 0.382774
14 87 0.381061
14 88 0.193812
14 89 0.170035
14 90 0.138951
14 91 0.438711
14 92 0.381061
14 93 0.138951
14 94 0.381061
14 95 0.159215
14 97 0.138951
14 98 0.964546
14 100 0.170036
14 101 0.138952
14 102 0.138952
15 16 0.138952
15 17 0.138952
15 18 0.170036
15 19 0.208074
15 20 0.381062
15 22 0.438712
15 23 0.381062
15 25 0.438712
15 26 0.438712
15 27 0.381062
15 28 0.478402
15 29 0.170036
15 30 0.170036
15 32 0.208074
15 33 0.080401
15 34 0.170036
15 35 0.381062
15 37 0.438712
15 38 0.138952
15 39 0.381062
15 40 0.170036
15 41 0.438712
15 42 0.138952
15 43 0.138952
15 44 0.438712
15 45 0.170036
15 46 0.381062
15 47 0.170036
15 49 0.954901
15 50 0.438712
15 51 0.381062
15 52 0.438712
15 53 0.170036
15 54 0.170036
15 55 0.381062
15 56 0.438712
15 57 0.138952
15 58 0.381062
15 59 0.438712
15 60 0.381062
15 61 0.381062
15 62 0.998843
15 63 0.949315
15 64 0.964132
15 65 0.138952
15 66 0.438712
15 67 0.959641
15 68 0.381062
15 69 0.208074
15 71 0.250129
15 72 0.170036
15 73 0.138952
15 74 0.381062
15 75 0.381062
15 76 0.381062
15 77 0.208074
15 79 0.138952
15 80 0.138952
15 81 0.438712
15 82 0.381062
15 83 0.381062
15 85 0.381062
15 86 0.138952
15 87 0.381062
15 88 0.438712
15 89 0.170036
15 90 0.138952
15 91 0.999656
15 92 0.381062
15 93 0.138952
15 94 0.381062
15 95 0.138952
15 97 0.450825
15 98 0.138952
15 100 0.438712
15 101 0.138952
15 102 0.138952
16 17 0.138952
16 18 0.138952
16 20 0.138952
16 22 0.138952
16 23 0.138952
16 25 0.138952
16 26 0.138952
16 27 0.138952
16 28 0.138952
16 29 0.138952
16 30 0.138952
16 34 0.138952
16 35 0.138952
16 37 0.138952
16 38 0.138952
16 39 0.138952
16 40 0.179601
16 41 0.138952
16 42 0.138952
16 43 0.179601
16 44 0.138952
16 45 0.177778
16 46 0.138952
16 47 0.138952
16 49 0.846809
16 50 0.138952
16 51 0.138952
16 52 0.138952
16 53 0.138952
16 54 0.138952
16 55 0.138952
16 56 0.138952
16 57 0.138952
16 58 0.138952
16 59 0.138952
16 60 0.138952
16 61 0.138952
16 63 0.138952
16 64 0.138952
16 65 0.138952
16 66 0.138952
16 67 0.138952
16 68 0.138478
16 72 0.138952
16 73 0.159215
16 74 0.138952
16 75 0.138952
16 76 0.138952
16 79 0.138952
16 80 0.138952
16 81 0.179601
16 82 0.138952
16 83 0.138952
16 85 0.159215
16 86 0.138952
16 87 0.138952
16 88 0.138952
16 89 0.138952
16 90 0.138952
16 91 0.138952
16 92 0.138952
16 93 0.138952
16 94 0.138952
16 95 0.138952
16 97 0.138952
16 98 0.138952
16 100 0.138952
16 101 0.138952
16 102 0.138952
17 18 0.138952
17 20 0.138951
17 22 0.1796
17 23 0.138951
17 25 0.138951
17 26 0.138951
17 27 0.138951
17 28 0.138951
17 29 0.138951
17 30 0.138951
17 34 0.138951
17 35 0.138951
17 37 0.138951
17 38 0.138951
17 39 0.138951
17 40 0.138951
17 41 0.138951
17 42 0.138951
17 43 0.138951
17 44 0.138951
17 45 0.138952
17 46 0.138951
17 47 0.138951
17 49 0.996554
17 50 0.138951
17 51 0.138951
17 52 0.138951
17 53 0.138951
17 54 0.138951
17 55 0.138951
17 56 0.138951
17 57 0.138951
17 58 0.138951
17 59 0.159215
17 60 0.138951
17 61 0.138951
17 63 0.138951
17 64 0.138951
17 65 0.138951
17 66 0.138951
17 67 0.847323
17 68 0.138951
17 72 0.138951
17 73 0.138951
17 74 0.138951
17 75 0.138951
17 76 0.138951
17 79 0.138951
17 80 0.138951
17 81 0.138951
17 82 0.138951
17 83 0.847323
17 85 0.138951
17 86 0.138951
17 87 0.138951
17 88 0.138951
17 89 0.138951
17 90 0.138951
17 91 0.138951
17 92 0.138951
17 93 0.138951
17 94 0.138951
17 95 0.138951
17 97 0.138951
17 98 0.138951
17 100 0.138952
17 101 0.138952
17 102 0.138952
18 20 0.138952
18 22 0.170036
18 23 0.138952
18 25 0.170036
18 26 0.170036
18 27 0.138952
18 28 0.170036
18 29 0.170036
18 30 0.170036
18 33 0.080401
18 34 0.170036
18 35 0.138952
18 37 0.170036
18 38 0.138952
18 39 0.138952
18 40 0.170036
18 41 0.170036
18 42 0.138952
18 43 0.159215
18 44 0.170036
18 45 0.170036
18 46 0.138952
18 47 0.170036
18 49 0.138952
18 50 0.170036
18 51 0.138952
18 52 0.170036
18 53 0.170036
18 54 0.170036
18 55 0.138952
18 56 0.170036
18 57 0.138952
18 58 0.138952
18 59 0.170036
18 60 0.138952
18 61 0.179601
18 63 0.138952
18 64 0.170036
18 65 0.138952
18 66 0.170036
18 67 0.193812
18 68 0.138952
18 71 0.080401
18 72 0.170036
18 73 0.138952
18 74 0.138952
18 75 0.138952
18 76 0.138478
18 79 0.138952
18 80 0.138952
18 81 0.170036
18 82 0.138478
18 83 0.138952
18 85 0.138952
18 86 0.138952
18 87 0.138952
18 88 0.170036
18 89 0.16829
18 90 0.159215
18 91 0.170036
18 92 0.138952
18 93 0.138952
18 94 0.138952
18 95 0.138952
18 97 0.138952
18 98 0.189894
18 100 0.170036
18 101 0.138952
18 102 0.138952
19 20 0.208073
19 22 0.208073
19 23 0.208073
19 25 0.208073
19 26 0.208073
19 27 0.208073
19 28 0.208073
19 29 0.208073
19 30 0.208073
19 31 0.208073
19 32 0.208073
19 33 0.888803
19 34 0.208073
19 35 0.208073
19 37 0.208073
19 39 0.208073
19 41 0.208073
19 46 0.208073
19 47 0.412781
19 49 0.971591
19 51 0.208073
19 53 0.208073
19 55 0.208073
19 56 0.888803
19 57 0.208073
19 58 0.208073
19 59 0.208073
19 60 0.208073
19 61 0.208073
19 62 0.208073
19 64 0.208073
19 66 0.728396
19 67 0.208073
19 68 0.208073
19 69 0.208073
19 71 0.208073
19 74 0.208073
19 75 0.208073
19 76 0.208073
19 77 0.208073
19 78 0.085443
19 79 0.915563
19 80 0.915563
19 81 0.208073
19 82 0.208073
19 83 0.208073
19 85 0.208073
19 86 0.208073
19 87 0.208073
19 88 0.208073
19 90 0.208073
19 91 0.208073
19 92 0.208073
19 94 0.208073
19 97 0.208073
20 22 0.381061
20 23 0.138951
20 25 0.381061
20 26 0.381061
20 27 0.702909
20 28 0.381061
20 29 0.138951
20 30 0.138951
20 33 0.074771
20 34 0.138951
20 35 0.378137
20 37 0.381061
20 38 0.138951
20 39 0.138951
20 40 0.138951
20 41 0.138951
20 42 0.138951
20 43 0.138951
20 44 0.138951
20 45 0.138952
20 46 0.138951
20 47 0.946938
20 48 0.668049
20 49 0.999988
20 50 0.381061
20 51 0.381061
20 52 0.702909
20 53 0.382774
20 54 0.138951
20 55 0.381061
20 56 0.381061
20 57 0.382774
20 58 0.381061
20 59 0.381061
20 60 0.381061
20 61 0.381061
20 62 0.208073
20 63 0.381061
20 64 0.99845
20 65 0.1796
20 66 0.381061
20 67 0.810735
20 68 0.381061
20 71 0.208073
20 72 0.138951
20 73 0.998926
20 74 0.381061
20 75 0.381061
20 76 0.381061
20 77 0.208073
20 79 0.138951
20 80 0.949315
20 81 0.138951
20 82 0.954901
20 83 0.381061
20 85 0.381061
20 86 0.138951
20 87 0.381061
20 88 0.381061
20 89 0.138951
20 90 0.138951
20 91 0.954363
20 92 0.381061
20 93 0.138951
20 94 0.702909
20 95 0.382774
20 97 0.138951
20 98 0.1796
20 100 0.138952
20 101 0.138952
20 102 0.138952
21 28 0.191276
21 39 0.278517
21 43 0.191276
21 47 0.209271
21 53 0.209271
21 61 0.074771
21 65 0.191276
21 66 0.191276
21 67 0.617202
21 71 0.074771
21 81 0.617202
22 23 0.381061
22 25 0.438711
22 26 0.438711
22 27 0.982581
22 28 0.438711
22 29 0.438711
22 30 0.438711
22 31 0.208073
22 32 0.208073
22 33 0.080401
22 34 0.170035
22 35 0.949315
22 37 0.438711
22 38 0.138951
22 39 0.381061
22 40 0.170035
22 41 0.438711
22 42 0.138951
22 43 0.138951
22 44 0.170035
22 45 0.193812
22 46 0.957905
22 47 0.170035
22 49 0.999637
22 50 0.438711
22 51 0.380126
22 52 0.438711
22 53 0.478401
22 54 0.284069
22 55 0.381061
22 56 0.438711
22 57 0.381061
22 58 0.381061
22 59 0.438711
22 60 0.381061
22 61 0.381061
22 62 0.262772
22 63 0.949315
22 64 0.438711
22 65 0.138951
22 66 0.438711
22 67 0.438711
22 68 0.381061
22 69 0.900358
22 71 0.999922
22 72 0.170035
22 73 0.138951
22 74 0.381061
22 75 0.3778
22 76 0.381061
22 77 0.207421
22 78 0.88841
22 79 0.973172
22 80 0.949315
22 81 0.438711
22 82 0.381061
22 83 0.381061
22 84 0.074771
22 85 0.381061
22 86 0.419434
22 87 0.419434
22 88 0.438711
22 89 0.170035
22 90 0.949315
22 91 0.438711
22 92 0.381061
22 93 0.138951
22 94 0.381061
22 95 0.138951
22 97 0.381061
22 98 0.138951
22 100 0.170036
22 101 0.138952
22 102 0.138952
23 25 0.138951
23 26 0.138951
23 27 0.381061
23 28 0.138951
23 29 0.138951
23 30 0.138951
23 34 0.974724
23 35 0.381061
23 37 0.381061
23 38 0.138951
23 39 0.381061
23 40 0.138951
23 41 0.379815
23 42 0.138951
23 43 0.138951
23 44 0.138951
23 45 0.138952
23 46 0.380126
23 47 0.138951
23 49 0.954557
23 50 0.138951
23 51 0.381061
23 52 0.138951
23 53 0.751119
23 54 0.138951
23 55 0.138951
23 56 0.381061
23 57 0.138951
23 58 0.381061
23 59 0.381061
23 60 0.381061
23 61 0.381061
23 62 0.208073
23 63 0.138951
23 64 0.138951
23 65 0.159215
23 66 0.419434
23 67 0.381061
23 68 0.381061
23 69 0.208073
23 71 0.999812
23 72 0.138951
23 73 0.138951
23 74 0.381061
23 75 0.381061
23 76 0.381061
23 77 0.084477
23 79 0.238119
23 80 0.138951
23 81 0.379815
23 82 0.381061
23 83 0.381061
23 85 0.381061
23 86 0.138951
23 87 0.1796
23 88 0.381061
23 89 0.138951
23 90 0.138951
23 91 0.381061
23 92 0.381061
23 93 0.138951
23 94 0.381061
23 95 0.138951
23 97 0.381061
23 98 0.138951
23 100 0.138952
23 101 0.138952
23 102 0.138952
24 87 0.617202
25 26 0.438711
25 27 0.381061
25 28 0.438711
25 29 0.170035
25 30 0.170035
25 32 0.209271
25 33 0.080401
25 34 0.170035
25 35 0.138951
25 37 0.170035
25 38 0.138951
25 39 0.1796
25 40 0.170035
25 41 0.16929
25 42 0.138951
25 43 0.138951
25 44 0.170035
25 45 0.170036
25 46 0.138951
25 47 0.170035
25 49 0.999637
25 50 0.170035
25 51 0.381061
25 52 0.170035
25 53 0.170035
25 54 0.170035
25 55 0.381061
25 56 0.438711
25 57 0.138951
25 58 0.381061
25 59 0.438711
25 60 0.138951
25 61 0.138951
25 62 0.208073
25 63 0.138951
25 64 0.438711
25 65 0.138951
25 66 0.438711
25 67 0.438711
25 68 0.381061
25 69 0.703125
25 71 0.250128
25 72 0.170035
25 73 0.138951
25 74 0.381061
25 75 0.381061
25 76 0.138951
25 77 0.208073
25 79 0.138951
25 80 0.138951
25 81 0.16929
25 82 0.381061
25 83 0.381061
25 85 0.381061
25 86 0.138951
25 87 0.892311
25 88 0.438711
25 89 0.170035
25 90 0.138951
25 91 0.438711
25 92 0.381061
25 93 0.138951
25 94 0.381061
25 95 0.138951
25 97 0.137472
25 98 0.138951
25 100 0.193812
25 101 0.138952
25 102 0.138952
26 27 0.935124
26 28 0.438711
26 29 0.170035
26 30 0.170035
26 33 0.080401
26 34 0.170035
26 35 0.138951
26 37 0.170035
26 38 0.138951
26 39 0.1796
26 40 0.170035
26 41 0.170035
26 42 0.138951
26 43 0.999972
26 44 0.16829
26 45 0.16829
26 46 0.138478
26 47 0.170035
26 49 1.0
26 50 0.170035
26 51 0.378137
26 52 0.170035
26 53 0.170035
26 54 0.170035
26 55 0.378137
26 56 0.438711
26 57 0.138951
26 58 0.935124
26 59 0.438711
26 60 0.1796
26 61 0.138951
26 62 0.208073
26 63 0.381061
26 64 0.964132
26 65 0.138951
26 66 0.438711
26 67 0.478401
26 68 0.381061
26 71 0.250128
26 72 0.170035
26 73 0.137472
26 74 0.381061
26 75 0.381061
26 76 0.138951
26 77 0.208073
26 79 0.138951
26 80 0.138951
26 81 0.170035
26 82 0.987812
26 83 0.70031
26 85 0.419434
26 86 0.138951
26 87 0.381061
26 88 0.438711
26 89 0.170035
26 90 0.138951
26 91 0.438711
26 92 0.381061
26 93 0.138951
26 94 1.0
26 95 0.995884
26 97 0.138951
26 98 0.138951
26 100 0.170036
26 101 0.138952
26 102 0.138952
27 28 0.381061
27 29 0.381061
27 30 0.381061
27 32 0.209271
27 34 0.138951
27 35 0.381061
27 37 0.999754
27 38 0.138951
27 39 0.381061
27 40 0.138951
27 41 0.381061
27 42 0.138951
27 43 0.138951
27 44 0.138951
27 45 0.138952
27 46 0.381061
27 47 0.138951
27 49 0.999637
27 50 0.138951
27 51 0.381061
27 52 0.138951
27 53 0.381061
27 54 0.138951
27 55 0.381061
27 56 0.381061
27 57 0.381061
27 58 0.381061
27 59 0.381061
27 60 0.381061
27 61 0.381061
27 62 0.208073
27 63 0.949315
27 64 0.954901
27 65 0.138951
27 66 0.381061
27 67 0.381061
27 68 0.381061
27 69 0.262772
27 70 0.208073
27 71 0.900358
27 72 0.138951
27 73 0.138951
27 74 0.834404
27 75 0.999418
27 76 0.994262
27 77 0.208073
27 78 0.888803
27 79 0.962133
27 80 0.996901
27 81 0.381061
27 82 0.954901
27 83 0.381061
27 85 0.381061
27 86 0.381061
27 87 0.683159
27 88 0.381061
27 89 0.138951
27 90 0.949315
27 91 0.381061
27 92 0.381061
27 93 0.138951
27 94 0.381061
27 95 0.138951
27 97 0.381061
27 98 0.949315
27 100 0.138952
27 101 0.382775
27 102 0.138952
28 29 0.999907
28 30 0.993747
28 31 0.999995
28 32 0.999693
28 33 0.999953
28 34 1.0
28 35 0.137303
28 37 0.170035
28 38 0.138951
28 39 0.474947
28 40 0.170035
28 41 0.170035
28 42 0.138951
28 43 0.356587
28 44 0.170035
28 45 0.170036
28 46 0.381061
28 47 0.170035
28 49 0.987675
28 50 0.170035
28 51 0.381061
28 52 0.16809
28 53 0.999998
28 54 0.170035
28 55 0.381061
28 56 0.959641
28 57 0.381061
28 58 0.381061
28 59 0.930664
28 60 0.138951
28 61 0.138951
28 62 0.262772
28 63 0.138951
28 64 0.438711
28 65 0.356587
28 66 0.728579
28 67 0.959487
28 68 0.381061
28 70 0.117684
28 71 0.250128
28 72 0.170035
28 73 0.138951
28 74 0.381061
28 75 0.834404
28 76 0.993222
28 77 0.262772
28 78 0.686252
28 79 0.138951
28 80 0.13832
28 81 0.170035
28 82 0.381061
28 83 0.91359
28 84 0.117684
28 85 0.381061
28 86 0.138951
28 87 0.381061
28 88 0.438711
28 89 0.170035
28 90 0.381061
28 91 0.438711
28 92 0.381061
28 93 0.1796
28 94 0.381061
28 95 0.138951
28 97 0.138951
28 98 0.138951
28 100 0.170036
28 101 0.138952
28 102 0.138952
29 30 0.999284
29 31 0.999995
29 32 1.0
29 33 0.999984
29 34 0.995999
29 35 0.138951
29 37 0.170035
29 38 0.138951
29 39 0.138951
29 40 0.170035
29 41 0.170035
29 42 0.138951
29 43 0.138951
29 44 0.170035
29 45 0.170036
29 46 0.380126
29 47 0.170035
29 49 0.954557
29 50 0.170035
29 51 0.381061
29 52 0.170035
29 53 0.999934
29 54 0.170035
29 55 0.999316
29 56 0.964132
29 57 0.381061
29 58 0.381061
29 59 0.999461
29 60 0.138951
29 61 0.138951
29 63 0.138951
29 64 0.170035
29 65 0.138951
29 66 0.98186
29 67 0.964132
29 68 0.381061
29 71 0.250128
29 72 0.170035
29 73 0.138951
29 74 0.96977
29 75 0.138951
29 76 0.13832
29 77 0.208073
29 78 0.617202
29 79 0.13832
29 80 0.893712
29 81 0.170035
29 82 0.138951
29 83 0.999316
29 85 0.381061
29 86 0.138951
29 87 0.381061
29 88 0.170035
29 89 0.170035
29 90 0.138951
29 91 0.170035
29 92 0.138951
29 93 0.138951
29 94 0.138951
29 95 0.138951
29 97 0.138951
29 98 0.138951
29 100 0.170036
29 101 0.138952
29 102 0.138952
30 31 0.99689
30 32 0.999692
30 33 0.999983
30 34 0.999986
30 35 0.381061
30 37 0.170035
30 38 0.138951
30 39 0.381061
30 40 0.170035
30 41 0.170035
30 42 0.138951
30 43 0.138951
30 44 0.170035
30 45 0.170036
30 46 0.951347
30 47 0.170035
30 49 0.987675
30 50 0.169476
30 51 0.381061
30 52 0.170035
30 53 0.964132
30 54 0.170035
30 55 0.91359
30 56 0.930664
30 57 0.381061
30 58 0.381061
30 59 0.437735
30 60 0.381061
30 61 0.138951
30 63 0.138951
30 64 0.438711
30 65 0.138951
30 66 0.437735
30 67 0.438711
30 68 0.381061
30 71 0.250128
30 72 0.170035
30 73 0.138951
30 74 0.965417
30 75 0.379815
30 76 0.935124
30 77 0.5001
30 79 0.975403
30 80 0.138951
30 81 0.438711
30 82 0.138951
30 83 0.381061
30 85 0.381061
30 86 0.381061
30 87 0.381061
30 88 0.438711
30 89 0.170035
30 90 0.138951
30 91 0.438711
30 92 0.381061
30 93 0.138951
30 94 0.138951
30 95 0.138951
30 97 0.381061
30 98 0.138951
30 100 0.170036
30 101 0.138952
30 102 0.138952
31 32 1.0
31 33 0.99995
31 34 0.999827
31 43 0.085443
31 51 0.208073
31 53 0.982216
31 55 0.207421
31 56 0.207421
31 57 0.085443
31 59 0.888803
31 66 0.888803
31 67 0.99333
31 68 0.208073
31 70 0.085443
31 71 0.208073
31 72 0.085443
31 74 0.208073
31 75 0.209271
31 76 0.859688
31 77 0.208073
31 79 0.08503
31 83 0.88841
31 84 0.117272
31 85 0.208073
31 87 0.207421
32 33 0.999973
32 34 0.999999
32 49 0.971591
32 50 0.541844
32 51 0.208073
32 52 0.090389
32 53 0.999725
32 55 0.99681
32 56 0.992767
32 57 0.262772
32 59 0.818579
32 62 0.208073
32 66 0.207421
32 67 0.888803
32 68 0.208073
32 70 0.085443
32 71 0.208073
32 74 0.208073
32 75 0.49931
32 76 0.860166
32 77 0.206034
32 83 0.208073
32 85 0.208073
32 87 0.502415
32 90 0.208073
32 91 0.208073
32 94 0.208073
33 34 0.999994
33 37 0.080401
33 40 0.080401
33 41 0.080401
33 44 0.080401
33 45 0.080401
33 47 0.080401
33 49 0.899642
33 50 0.080401
33 52 0.080401
33 53 0.999878
33 54 0.080401
33 55 0.207421
33 56 0.851372
33 59 0.995792
33 64 0.080401
33 66 0.910293
33 67 0.250128
33 68 0.208073
33 71 0.250128
33 72 0.079383
33 74 0.207203
33 75 0.502415
33 76 0.88841
33 77 0.262005
33 81 0.080401
33 82 0.085443
33 83 0.992767
33 85 0.888803
33 87 0.888803
33 88 0.080401
33 89 0.080401
33 91 0.080401
33 100 0.080401
34 35 0.138951
34 37 0.170035
34 38 0.138951
34 39 0.138951
34 40 0.170035
34 41 0.170035
34 42 0.138951
34 43 0.138951
34 44 0.170035
34 45 0.170036
34 46 0.138951
34 47 0.170035
34 49 0.954557
34 50 0.170035
34 51 0.138951
34 52 0.16829
34 53 0.999806
34 54 0.170035
34 55 0.989616
34 56 0.963995
34 57 0.138951
34 58 0.138951
34 59 0.998407
34 60 0.138951
34 61 0.138951
34 63 0.138951
34 64 0.170035
34 65 0.138951
34 66 0.964132
34 67 0.964132
34 68 0.381061
34 71 0.080401
34 72 0.170035
34 73 0.138951
34 74 0.797845
34 75 0.975979
34 76 0.982581
34 77 0.986658
34 79 0.138951
34 80 0.138478
34 81 0.170035
34 82 0.138951
34 83 0.954901
34 85 0.381061
34 86 0.138951
34 87 0.954729
34 88 0.170035
34 89 0.170035
34 90 0.138951
34 91 0.170035
34 92 0.138951
34 93 0.138951
34 94 0.137472
34 95 0.138951
34 97 0.138951
34 98 0.138951
34 100 0.170036
34 101 0.138952
34 102 0.138952
35 36 0.617202
35 37 0.381061
35 38 0.138951
35 39 0.995408
35 40 0.382774
35 41 0.999596
35 42 0.702909
35 43 0.138951
35 44 0.138951
35 45 0.138952
35 46 0.381061
35 47 0.138951
35 48 0.343697
35 49 0.987675
35 50 0.138951
35 51 0.381061
35 52 0.137472
35 53 0.138951
35 54 0.138951
35 55 0.381061
35 56 0.381061
35 57 0.138951
35 58 0.949123
35 59 0.381061
35 60 0.999506
35 61 0.949315
35 62 0.208073
35 63 0.138951
35 64 0.381061
35 65 0.138951
35 66 0.381061
35 67 0.381061
35 68 0.381061
35 69 0.208073
35 71 0.888803
35 72 0.138951
35 73 0.138951
35 74 0.949315
35 75 0.834404
35 76 0.949123
35 77 0.996038
35 79 0.949315
35 80 0.949315
35 81 0.993519
35 82 0.381061
35 83 0.949315
35 85 0.381061
35 86 0.986297
35 87 0.381061
35 88 0.999192
35 89 0.138951
35 90 0.138951
35 91 0.378137
35 92 0.998148
35 93 0.138951
35 94 0.381061
35 95 0.138951
35 97 0.996901
35 98 0.138951
35 100 0.138952
35 101 0.138952
35 102 0.138952
36 38 0.617202
36 40 0.617172
36 41 0.074771
36 46 0.617202
36 49 0.539697
36 68 0.617202
36 86 0.617202
36 88 0.654218
37 38 0.138951
37 39 0.381061
37 40 0.854977
37 41 0.438711
37 42 0.138951
37 43 0.159215
37 44 0.170035
37 45 0.170036
37 46 0.702909
37 47 0.170035
37 49 0.999637
37 50 0.170035
37 51 0.381061
37 52 0.170035
37 53 0.170035
37 54 0.170035
37 55 0.381061
37 56 0.478401
37 57 0.381061
37 58 0.381061
37 59 0.438711
37 60 0.381061
37 61 0.381061
37 62 0.208073
37 63 0.138951
37 64 0.964132
37 65 0.138951
37 66 0.438711
37 67 0.438711
37 68 0.381061
37 69 0.208073
37 71 0.250128
37 72 0.170035
37 73 0.138951
37 74 0.381061
37 75 0.381061
37 76 0.381061
37 77 0.208073
37 79 0.138951
37 80 0.949315
37 81 0.438711
37 82 0.954901
37 83 0.935124
37 85 0.381061
37 86 0.138951
37 87 0.683159
37 88 0.438711
37 89 0.170035
37 90 0.949315
37 91 0.438711
37 92 0.702909
37 93 0.138951
37 94 0.381061
37 95 0.138951
37 97 0.381061
37 98 0.138951
37 100 0.170036
37 101 0.138952
37 102 0.138952
38 39 0.138951
38 40 0.999933
38 41 0.138951
38 42 0.138951
38 43 0.159215
38 44 0.138951
38 45 0.138952
38 46 0.138951
38 47 0.138951
38 49 0.138951
38 50 0.138951
38 51 0.138951
38 52 0.790712
38 53 0.138951
38 54 0.138951
38 55 0.138951
38 56 0.138951
38 57 0.138951
38 58 0.790712
38 59 0.138951
38 60 0.790712
38 61 0.138951
38 63 0.138951
38 64 0.138951
38 65 0.138951
38 66 0.138951
38 67 0.138951
38 68 0.138951
38 72 0.138951
38 73 0.138951
38 74 0.138951
38 75 0.138951
38 76 0.138951
38 79 0.138951
38 80 0.138951
38 81 0.138951
38 82 0.138951
38 83 0.138951
38 85 0.138951
38 86 0.138951
38 87 0.138951
38 88 0.159215
38 89 0.138951
38 90 0.138951
38 91 0.138951
38 92 0.138951
38 93 0.138951
38 94 0.138951
38 95 0.138951
38 97 0.138951
38 98 0.138951
38 100 0.138952
38 101 0.138952
38 102 0.138952
39 40 0.382774
39 41 0.999976
39 42 0.702909
39 43 0.474947
39 44 0.1796
39 45 0.138952
39 46 0.381061
39 47 0.138951
39 49 0.987675
39 50 0.138951
39 51 0.381061
39 52 0.138951
39 53 0.138951
39 54 0.138951
39 55 0.455102
39 56 0.381061
39 57 0.138951
39 58 0.999993
39 59 0.381061
39 60 0.999995
39 61 0.999418
39 62 0.208073
39 63 0.138951
39 64 0.381061
39 65 0.474947
39 66 0.775335
39 67 0.381061
39 68 0.381061
39 69 0.208073
39 71 0.208073
39 72 0.138951
39 73 0.1796
39 74 0.982581
39 75 0.982581
39 76 0.982581
39 77 0.945473
39 79 0.949315
39 80 0.138478
39 81 0.999989
39 82 0.381061
39 83 0.381061
39 85 0.381061
39 86 0.999998
39 87 0.381061
39 88 1.0
39 89 0.138951
39 90 0.138951
39 91 0.381061
39 92 0.998141
39 93 0.138951
39 94 0.381061
39 95 0.138951
39 97 0.999506
39 98 0.138951
39 100 0.138952
39 101 0.138952
39 102 0.189894
40 41 0.440498
40 42 0.382774
40 43 0.800186
40 44 0.170035
40 45 0.170036
40 46 0.790712
40 47 0.835636
40 49 0.844543
40 50 0.170035
40 51 0.382774
40 52 0.835636
40 53 0.170035
40 54 0.170035
40 55 0.159215
40 56 0.170035
40 57 0.138951
40 58 0.790712
40 59 0.170035
40 60 0.138951
40 61 0.159215
40 63 0.138951
40 64 0.193812
40 65 0.382774
40 66 0.170035
40 67 0.193812
40 68 0.382774
40 69 0.630864
40 71 0.080401
40 72 0.170035
40 73 0.138951
40 74 0.138951
40 75 0.138951
40 76 0.138951
40 77 0.209271
40 79 0.138951
40 80 0.138951
40 81 0.170035
40 82 0.138951
40 83 0.1796
40 85 0.138951
40 86 0.382774
40 87 0.138951
40 88 0.440498
40 89 0.170035
40 90 0.138951
40 91 0.170035
40 92 0.822815
40 93 0.815945
40 94 0.138951
40 95 0.800186
40 97 0.138951
40 98 0.159215
40 100 0.170036
40 101 0.138952
40 102 0.138952
41 42 0.988299
41 43 0.138951
41 44 0.170035
41 45 0.170036
41 46 0.949315
41 47 0.170035
41 48 0.090938
41 49 0.954557
41 50 0.170035
41 51 0.381061
41 52 0.170035
41 53 0.170035
41 54 0.170035
41 55 0.138951
41 56 0.438711
41 57 0.138951
41 58 0.999964
41 59 0.438711
41 60 0.999983
41 61 0.99845
41 62 0.208073
41 63 0.138951
41 64 0.170035
41 65 0.138951
41 66 0.438711
41 67 0.438711
41 68 0.381061
41 69 0.208073
41 71 0.250128
41 72 0.170035
41 73 0.138951
41 74 0.949315
41 75 0.954901
41 76 0.998444
41 77 0.999054
41 79 0.138951
41 80 0.91359
41 81 0.999976
41 82 0.381061
41 83 0.949315
41 85 0.381061
41 86 0.999596
41 87 0.138951
41 88 0.999681
41 89 0.170035
41 90 0.138951
41 91 0.438711
41 92 0.998148
41 93 0.138951
41 94 0.381061
41 95 0.138951
41 97 0.949123
41 98 0.254666
41 100 0.170036
41 101 0.138952
41 102 0.138952
42 43 0.138951
42 44 0.138951
42 45 0.138952
42 46 0.381061
42 47 0.138951
42 49 0.138951
42 50 0.138951
42 51 0.138951
42 52 0.138951
42 53 0.13832
42 54 0.138951
42 55 0.138951
42 56 0.138951
42 57 0.138951
42 58 0.381061
42 59 0.138951
42 60 0.381061
42 61 0.381061
42 63 0.138951
42 64 0.138951
42 65 0.138951
42 66 0.138951
42 67 0.381061
42 68 0.138951
42 71 0.208073
42 72 0.138951
42 73 0.138951
42 74 0.381061
42 75 0.138951
42 76 0.381061
42 77 0.502415
42 79 0.138951
42 80 0.138951
42 81 0.96977
42 82 0.138951
42 83 0.381061
42 85 0.138951
42 86 0.702909
42 87 0.138951
42 88 0.702909
42 89 0.138951
42 90 0.138951
42 91 0.138951
42 92 0.999573
42 93 0.935563
42 94 0.138951
42 95 0.138951
42 97 0.381061
42 98 0.138951
42 100 0.138952
42 101 0.138952
42 102 0.138952
43 44 0.138951
43 45 0.137473
43 46 0.138478
43 47 0.800186
43 49 1.0
43 50 0.138951
43 51 0.138951
43 52 0.824539
43 53 0.138951
43 54 0.138951
43 55 0.138951
43 56 0.138951
43 57 0.138951
43 58 0.138951
43 59 0.138951
43 60 0.138951
43 61 0.138951
43 62 0.085443
43 63 0.138951
43 64 0.992362
43 65 0.356587
43 66 0.356587
43 67 0.138951
43 68 0.188872
43 69 0.630864
43 70 0.085443
43 72 0.138951
43 73 0.138951
43 74 0.138951
43 75 0.138951
43 76 0.138951
43 79 0.138951
43 80 0.138951
43 81 0.137303
43 82 0.999101
43 83 0.382774
43 85 0.138951
43 86 0.138951
43 87 0.138951
43 88 0.138951
43 89 0.159215
43 90 0.138951
43 91 0.138951
43 92 0.138951
43 93 0.138951
43 94 0.999985
43 95 0.99875
43 97 0.138951
43 98 0.138951
43 100 0.138952
43 101 0.138952
43 102 0.138952
44 45 0.170036
44 46 0.138951
44 47 0.170035
44 49 0.381061
44 50 0.170035
44 51 0.138951
44 52 0.170035
44 53 0.170035
44 54 0.170035
44 55 0.137472
44 56 0.170035
44 57 0.138951
44 58 0.138951
44 59 0.170035
44 60 0.138951
44 61 0.138951
44 62 0.818579
44 63 0.138951
44 64 0.438711
44 65 0.138951
44 66 0.170035
44 67 0.99745
44 68 0.138951
44 71 0.080401
44 72 0.170035
44 73 0.15756
44 74 0.381061
44 75 0.138951
44 76 0.455102
44 79 0.138951
44 80 0.138951
44 81 0.170035
44 82 0.138951
44 83 0.381061
44 85 0.138951
44 86 0.138951
44 87 0.138951
44 88 0.170035
44 89 0.170035
44 90 0.138951
44 91 0.999991
44 92 0.138951
44 93 0.138951
44 94 0.138951
44 95 0.138951
44 97 0.137472
44 98 0.138951
44 100 0.170036
44 101 0.138952
44 102 0.138952
45 46 0.138478
45 47 0.170036
45 49 0.954557
45 50 0.170036
45 51 0.138952
45 52 0.170036
45 53 0.170036
45 54 0.170036
45 55 0.138952
45 56 0.170036
45 57 0.138952
45 58 0.138952
45 59 0.170036
45 60 0.138952
45 61 0.138952
45 62 0.085443
45 63 0.138952
45 64 0.170036
45 65 0.138952
45 66 0.170036
45 67 0.170036
45 68 0.138952
45 71 0.080401
45 72 0.170036
45 73 0.138952
45 74 0.138952
45 75 0.138952
45 76 0.138952
45 79 0.138952
45 80 0.138952
45 81 0.170036
45 82 0.138952
45 83 0.137473
45 85 0.138952
45 86 0.138952
45 87 0.179601
45 88 0.170036
45 89 0.170036
45 90 0.138952
45 91 0.170036
45 92 0.138952
45 93 0.159215
45 94 0.138952
45 95 0.138952
45 97 0.138952
45 98 0.138952
45 100 0.170036
45 101 0.138952
45 102 0.138952
46 47 0.138951
46 49 0.999637
46 50 0.138951
46 51 1.0
46 52 0.138951
46 53 0.381061
46 54 0.138951
46 55 0.381061
46 56 0.381061
46 57 0.702909
46 58 0.381061
46 59 0.702909
46 60 0.381061
46 61 0.735194
46 62 0.262772
46 63 0.856417
46 64 0.957905
46 65 0.983194
46 66 0.381061
46 67 0.380126
46 68 1.0
46 69 0.208073
46 71 0.906641
46 72 0.138951
46 73 0.138951
46 74 0.834404
46 75 0.834404
46 76 0.834404
46 77 0.818579
46 79 0.949315
46 80 0.138951
46 81 0.381061
46 82 0.381061
46 83 0.381061
46 85 0.381061
46 86 0.702909
46 87 0.381061
46 88 0.419434
46 89 0.138951
46 90 0.949315
46 91 0.381061
46 92 0.702909
46 93 0.138951
46 94 0.381061
46 95 0.138478
46 97 0.381061
46 98 0.138478
46 100 0.138952
46 101 0.138952
46 102 0.138952
47 48 0.209271
47 49 0.800186
47 50 0.974549
47 51 0.138951
47 52 0.999998
47 53 0.440498
47 54 0.940223
47 55 0.138951
47 56 0.170035
47 57 0.382774
47 58 0.138951
47 59 0.170035
47 60 0.138951
47 61 0.138951
47 62 0.671961
47 63 0.138951
47 64 0.170035
47 65 0.138951
47 66 0.170035
47 67 0.998633
47 68 0.138951
47 69 0.630864
47 71 0.080401
47 72 0.170035
47 73 0.999406
47 74 0.159215
47 75 0.138951
47 76 0.138951
47 79 0.137303
47 80 0.138951
47 81 0.170035
47 82 0.138951
47 83 0.382774
47 85 0.138951
47 86 0.138951
47 87 0.138951
47 88 0.170035
47 89 0.170035
47 90 0.138951
47 91 0.170035
47 92 0.138951
47 93 0.138951
47 94 0.382774
47 95 0.938986
47 97 0.138951
47 98 0.138951
47 100 0.170036
47 101 0.138952
47 102 0.138952
48 52 0.209271
48 53 0.209271
48 57 0.209271
48 59 0.085443
48 63 0.085443
48 67 0.209271
48 68 0.074771
48 73 0.999999
48 92 0.074771
48 94 0.209271
48 95 0.209271
49 50 0.702909
49 51 0.999637
49 52 0.999505
49 53 0.382774
49 54 0.421201
49 55 0.987675
49 56 0.987675
49 57 0.954557
49 58 0.987675
49 59 0.999761
49 60 0.987675
49 61 0.987675
49 62 0.208073
49 63 0.999988
49 64 0.999999
49 65 0.138951
49 66 0.987675
49 67 0.999997
49 68 0.999637
49 69 0.630864
49 71 0.999151
49 72 0.987763
49 73 0.847323
49 74 0.999637
49 75 0.999637
49 76 0.999637
49 77 0.999151
49 78 0.899642
49 79 0.99959
49 80 0.999988
49 81 0.987675
49 82 1.0
49 83 0.999991
49 84 0.898384
49 85 0.987675
49 86 0.987675
49 87 0.996763
49 88 0.987675
49 89 0.847323
49 90 0.954557
49 91 0.954901
49 92 0.381061
49 93 0.382774
49 94 1.0
49 95 0.999999
49 97 0.987675
49 98 0.999759
49 100 0.138952
49 101 0.138952
49 102 0.138952
50 51 0.138951
50 52 0.998222
50 53 0.440498
50 54 0.440498
50 55 0.987035
50 56 0.94942
50 57 0.138951
50 58 0.138951
50 59 0.989759
50 60 0.138951
50 61 0.138951
50 62 0.955287
50 63 0.381061
50 64 0.438711
50 65 0.138951
50 66 0.778673
50 67 0.996379
50 68 0.138951
50 71 0.250128
50 72 0.440498
50 73 0.138951
50 74 0.138951
50 75 0.138951
50 76 0.376868
50 78 0.541844
50 79 0.138951
50 80 0.936651
50 81 0.170035
50 82 0.381061
50 83 0.946572
50 85 0.138951
50 86 0.1796
50 87 0.382774
50 88 0.170035
50 89 0.82748
50 90 0.138951
50 91 0.193812
50 92 0.138951
50 93 0.382774
50 94 0.381061
50 95 0.138951
50 97 0.138951
50 98 0.138951
50 100 0.170036
50 101 0.138952
50 102 0.138952
51 52 0.138951
51 53 0.944175
51 54 0.138951
51 55 0.70031
51 56 0.381061
51 57 0.381061
51 58 0.381061
51 59 0.96977
51 60 0.381061
51 61 0.381061
51 62 0.208073
51 63 0.949315
51 64 0.381061
51 65 0.969982
51 66 0.381061
51 67 0.381061
51 68 1.0
51 69 0.208073
51 71 0.906641
51 72 0.138951
51 73 0.137472
51 74 0.381061
51 75 0.949123
51 76 0.381061
51 77 0.207421
51 79 0.949315
51 80 0.138951
51 81 0.381061
51 82 0.381061
51 83 0.381061
51 85 0.381061
51 86 0.381061
51 87 0.381061
51 88 0.381061
51 89 0.138951
51 90 0.949315
51 91 0.381061
51 92 0.381061
51 93 0.138951
51 94 0.381061
51 95 0.138951
51 97 0.381061
51 98 0.138951
51 100 0.138952
51 101 0.138952
51 102 0.138952
52 53 0.440498
52 54 0.940223
52 55 0.138951
52 56 0.170035
52 57 0.382774
52 58 0.138951
52 59 0.170035
52 60 0.138951
52 61 0.138951
52 62 0.957984
52 63 0.96977
52 64 0.438711
52 65 0.254666
52 66 0.170035
52 67 0.991671
52 68 0.138951
52 69 0.630864
52 71 0.250128
52 72 0.440498
52 73 0.935563
52 74 0.138951
52 75 0.138951
52 76 0.381061
52 79 0.138951
52 80 0.138951
52 81 0.170035
52 82 0.381061
52 83 0.946572
52 85 0.138951
52 86 0.138951
52 87 0.382774
52 88 0.170035
52 89 0.170035
52 90 0.138951
52 91 0.170035
52 92 0.138951
52 93 0.382774
52 94 0.982049
52 95 0.938986
52 97 0.138951
52 98 0.1796
52 100 0.170036
52 101 0.138952
52 102 0.138952
53 54 0.957727
53 55 0.381061
53 56 0.438711
53 57 0.702909
53 58 0.381061
53 59 0.438711
53 60 0.138951
53 61 0.138951
53 63 0.138951
53 64 0.170035
53 65 0.138951
53 66 0.438711
53 67 0.77899
53 68 0.912905
53 71 0.281308
53 72 0.440498
53 73 0.382774
53 74 0.381061
53 75 0.381061
53 76 0.381061
53 77 0.208073
53 79 0.138951
53 80 0.138951
53 81 0.193812
53 82 0.138951
53 83 0.985525
53 85 0.381061
53 86 0.138951
53 87 0.702909
53 88 0.170035
53 89 0.170035
53 90 0.138951
53 91 0.170035
53 92 0.159215
53 93 0.382774
53 94 0.382774
53 95 0.382774
53 97 0.138951
53 98 0.138951
53 100 0.170036
53 101 0.138952
53 102 0.138952
54 55 0.138951
54 56 0.170035
54 57 0.382774
54 58 0.138951
54 59 0.170035
54 60 0.138951
54 61 0.138951
54 63 0.138951
54 64 0.170035
54 65 0.770776
54 66 0.170035
54 67 0.988026
54 68 0.138951
54 71 0.080401
54 72 0.440498
54 73 0.138951
54 74 0.138951
54 75 0.138951
54 76 0.138478
54 77 0.074771
54 79 0.138951
54 80 0.138951
54 81 0.170035
54 82 0.138951
54 83 0.954424
54 85 0.138951
54 86 0.138951
54 87 0.382774
54 88 0.170035
54 89 0.170035
54 90 0.138951
54 91 0.170035
54 92 0.138951
54 93 0.928171
54 94 0.138951
54 95 0.138951
54 97 0.138951
54 98 0.138951
54 100 0.170036
54 101 0.138952
54 102 0.138952
55 56 0.999418
55 57 0.381061
55 58 0.381061
55 59 1.0
55 60 0.378137
55 61 0.137472
55 62 0.208073
55 63 0.138951
55 64 0.381061
55 65 0.138951
55 66 0.99996
55 67 0.999506
55 68 0.419434
55 71 0.274899
55 72 0.138951
55 73 0.474947
55 74 0.381061
55 75 0.381061
55 76 0.381061
55 77 0.208073
55 79 0.949315
55 80 0.734836
55 81 0.381061
55 82 0.381061
55 83 0.999744
55 85 0.381061
55 86 0.381061
55 87 0.957905
55 88 0.455102
55 89 0.138951
55 90 0.949315
55 91 0.381061
55 92 0.381061
55 93 0.138951
55 94 0.381061
55 95 0.138951
55 97 0.381061
55 98 0.138951
55 100 0.138952
55 101 0.138952
55 102 0.138952
56 57 0.381061
56 58 0.381061
56 59 0.997557
56 60 0.381061
56 61 0.381061
56 62 0.208073
56 63 0.138951
56 64 0.438711
56 65 0.138951
56 66 0.999948
56 67 0.999611
56 68 0.381061
56 69 0.208073
56 71 0.250128
56 72 0.170035
56 73 0.138951
56 74 0.949123
56 75 0.949315
56 76 0.949315
56 77 0.818579
56 78 0.863198
56 79 0.949315
56 80 0.993519
56 81 0.438711
56 82 0.381061
56 83 0.996901
56 85 0.380126
56 86 0.381061
56 87 0.999506
56 88 0.438711
56 89 0.170035
56 90 0.949315
56 91 0.438711
56 92 0.381061
56 93 0.138951
56 94 0.381061
56 95 0.138951
56 97 0.381061
56 98 0.138951
56 100 0.170036
56 101 0.138952
56 102 0.138952
57 58 0.455102
57 59 0.381061
57 60 0.138951
57 61 0.382774
57 63 0.138951
57 64 0.138951
57 65 0.382774
57 66 0.380126
57 67 0.735194
57 68 0.419434
57 70 0.085443
57 71 0.235658
57 72 0.138951
57 73 0.382774
57 74 0.381061
57 75 0.455102
57 76 0.381061
57 77 0.208073
57 79 0.138951
57 80 0.138951
57 81 0.138951
57 82 0.1796
57 83 0.380126
57 84 0.085443
57 85 0.998529
57 86 0.421201
57 87 0.381061
57 88 0.138951
57 89 0.138951
57 90 1.0
57 91 0.138951
57 92 0.138951
57 93 0.138951
57 94 0.382774
57 95 0.382774
57 97 0.138951
57 98 0.138951
57 100 0.138952
57 101 0.138952
57 102 0.138952
58 59 0.381061
58 60 0.999783
58 61 0.999141
58 62 0.208073
58 63 0.138951
58 64 0.381061
58 65 0.138951
58 66 0.381061
58 67 0.935124
58 68 0.381061
58 69 0.208073
58 71 0.235658
58 72 0.1796
58 73 0.138951
58 74 0.381061
58 75 0.949315
58 76 0.381061
58 77 0.960117
58 79 0.138951
58 80 0.999418
58 81 0.999989
58 82 0.381061
58 83 0.381061
58 85 0.381061
58 86 0.999783
58 87 0.381061
58 88 0.997257
58 89 0.138951
58 90 0.138951
58 91 0.375122
58 92 0.381061
58 93 0.138951
58 94 0.381061
58 95 0.138951
58 97 0.998558
58 98 0.377741
58 100 0.138952
58 101 0.138952
58 102 0.138952
59 60 0.381061
59 61 0.381061
59 62 0.208073
59 63 0.138951
59 64 0.434355
59 65 0.382774
59 66 0.999997
59 67 0.959641
59 68 0.702909
59 69 0.208073
59 70 0.208073
59 71 0.281308
59 72 0.170035
59 73 0.138951
59 74 0.380126
59 75 0.380126
59 76 0.834404
59 77 0.208073
59 78 0.888803
59 79 0.975403
59 80 0.999418
59 81 0.438711
59 82 0.381061
59 83 0.949123
59 84 0.541844
59 85 0.949315
59 86 0.381061
59 87 0.998976
59 88 0.438711
59 89 0.170035
59 90 0.949315
59 91 0.438711
59 92 0.381061
59 93 0.138951
59 94 0.381061
59 95 0.254666
59 97 0.381061
59 98 0.138951
59 100 0.170036
59 101 0.138952
59 102 0.138952
60 61 0.998636
60 62 0.208073
60 63 0.138951
60 64 0.381061
60 65 0.138951
60 66 0.381061
60 67 0.935124
60 68 0.381061
60 69 0.208073
60 71 0.208073
60 72 0.138951
60 73 0.138951
60 74 0.982581
60 75 0.91359
60 76 0.982581
60 77 0.818579
60 78 0.994523
60 79 0.949315
60 80 0.999418
60 81 0.999991
60 82 0.381061
60 83 0.381061
60 85 0.381061
60 86 0.999744
60 87 0.381061
60 88 0.999882
60 89 0.137472
60 90 0.138951
60 91 0.381061
60 92 0.949315
60 93 0.138951
60 94 0.381061
60 95 0.138951
60 97 0.999506
60 98 0.138951
60 99 0.725092
60 100 0.241269
60 101 0.138952
60 102 0.770776
61 62 0.208073
61 63 0.138951
61 64 0.381061
61 65 0.456902
61 66 0.381061
61 67 0.381061
61 68 0.702909
61 69 0.208073
61 71 0.262772
61 72 0.159215
61 73 0.138951
61 74 0.381061
61 75 0.381061
61 76 0.381061
61 77 0.208073
61 79 0.138951
61 80 0.949315
61 81 0.999418
61 82 0.381061
61 83 0.381061
61 85 0.381061
61 86 0.70208
61 87 0.138951
61 88 0.934823
61 89 0.138951
61 90 0.159215
61 91 0.381061
61 92 0.949315
61 93 0.138951
61 94 0.381061
61 95 0.138951
61 97 0.949123
61 98 0.138951
61 100 0.138952
61 101 0.179601
61 102 0.138952
62 63 0.888803
62 64 0.888803
62 65 0.127259
62 66 0.208073
62 67 0.888803
62 68 0.208073
62 69 0.208073
62 70 0.337251
62 71 0.208073
62 74 0.208073
62 75 0.2058
62 76 0.208073
62 77 0.262772
62 78 0.085443
62 80 0.888803
62 81 0.208073
62 82 0.208073
62 83 0.988857
62 84 0.25592
62 85 0.208073
62 87 0.262772
62 88 0.208073
62 91 0.999966
62 92 0.262772
62 94 0.208073
62 97 0.208073
62 98 0.888803
62 100 0.998636
63 64 1.0
63 65 0.138951
63 66 0.138951
63 67 0.381061
63 68 0.381061
63 71 0.888803
63 72 0.138951
63 73 0.138951
63 74 0.138951
63 75 0.138951
63 76 0.381061
63 79 0.138951
63 80 0.138951
63 81 0.138951
63 82 0.954729
63 83 0.949315
63 85 0.138951
63 86 0.138951
63 87 0.138951
63 88 0.138951
63 89 0.138951
63 90 0.138951
63 91 0.997987
63 92 0.381061
63 93 0.138951
63 94 0.999966
63 95 0.138951
63 97 0.138951
63 98 0.949315
63 100 0.138952
63 101 0.138952
63 102 0.138952
64 65 0.138951
64 66 0.438711
64 67 0.964132
64 68 0.381061
64 71 0.250128
64 72 0.170035
64 73 0.138951
64 74 0.954901
64 75 0.381061
64 76 0.987859
64 77 0.502415
64 79 0.949315
64 80 0.949315
64 81 0.438711
64 82 0.954729
64 83 0.954901
64 85 0.381061
64 86 0.381061
64 87 0.381061
64 88 0.438711
64 89 0.170035
64 90 0.138951
64 91 0.964132
64 92 0.381061
64 93 0.138951
64 94 0.998284
64 95 0.847323
64 97 0.381061
64 98 0.99845
64 100 0.438712
64 101 0.138952
64 102 0.138952
65 66 0.356587
65 67 0.138951
65 68 0.969982
65 71 0.085443
65 72 0.159215
65 73 0.159215
65 74 0.138951
65 75 0.138951
65 76 0.138951
65 79 0.138951
65 80 0.138951
65 81 0.138951
65 82 0.138951
65 83 0.138951
65 85 0.138951
65 86 0.382774
65 87 0.138951
65 88 0.1796
65 89 0.138951
65 90 0.138951
65 91 0.138951
65 92 0.159215
65 93 0.751115
65 94 0.138951
65 95 0.138951
65 97 0.138951
65 98 0.138951
65 100 0.138952
65 101 0.138952
65 102 0.138952
66 67 0.959641
66 68 0.381061
66 69 0.208073
66 71 0.250128
66 72 0.170035
66 73 0.138951
66 74 0.380126
66 75 0.949123
66 76 0.381061
66 77 0.818579
66 78 0.88841
66 79 0.949315
66 80 0.998558
66 81 0.438711
66 82 0.381061
66 83 0.91359
66 85 0.381061
66 86 0.381061
66 87 0.998127
66 88 0.438711
66 89 0.170035
66 90 0.949315
66 91 0.438711
66 92 0.381061
66 93 0.138951
66 94 0.381061
66 95 0.138951
66 97 0.381061
66 98 0.138951
66 100 0.193812
66 101 0.138952
66 102 0.138952
67 68 0.949315
67 69 0.208073
67 70 0.208073
67 71 0.910293
67 72 0.440498
67 73 0.998926
67 74 0.993519
67 75 0.982581
67 76 0.982581
67 77 0.992767
67 78 0.960117
67 79 0.381061
67 80 0.982581
67 81 0.999837
67 82 0.961309
67 83 1.0
67 85 0.381061
67 86 0.381061
67 87 0.999871
67 88 0.438711
67 89 0.170035
67 90 0.419434
67 91 0.998779
67 92 0.381061
67 93 0.382774
67 94 0.986243
67 95 0.382774
67 97 0.381061
67 98 0.381061
67 100 0.438712
67 101 0.138952
67 102 0.159215
68 69 0.208073
68 71 0.96042
68 72 0.138951
68 73 0.138951
68 74 0.381061
68 75 0.949315
68 76 0.381061
68 77 0.818579
68 78 0.888803
68 79 0.949315
68 80 0.949315
68 81 0.381061
68 82 0.381061
68 83 0.381061
68 85 0.378137
68 86 0.381061
68 87 0.381061
68 88 0.381061
68 89 0.138951
68 90 0.949315
68 91 0.381061
68 92 0.419434
68 93 0.138951
68 94 0.378137
68 95 0.138951
68 97 0.381061
68 98 0.138951
68 100 0.138952
68 101 0.138952
68 102 0.138952
69 71 0.900358
69 74 0.208073
69 75 0.208073
69 76 0.208073
69 79 0.25592
69 81 0.208073
69 82 0.208073
69 83 0.208073
69 85 0.208073
69 88 0.208073
69 91 0.208073
69 92 0.208073
69 94 0.208073
69 95 0.630864
69 97 0.208073
70 74 0.208073
70 79 0.085443
70 81 0.208073
70 83 0.208073
70 84 0.820262
70 87 0.208073
70 92 0.208073
70 93 0.085443
71 72 0.080401
71 74 0.208073
71 75 0.208073
71 76 0.208073
71 77 0.682576
71 78 0.888803
71 79 0.888803
71 80 0.888803
71 81 0.250128
71 82 0.208073
71 83 0.208073
71 85 0.208073
71 86 0.208073
71 87 0.508946
71 88 0.250128
71 89 0.080401
71 90 0.888803
71 91 0.250128
71 92 0.888803
71 94 0.208073
71 97 0.208073
71 100 0.080401
71 101 0.085443
72 73 0.138951
72 74 0.138951
72 75 0.1796
72 76 0.138951
72 79 0.138951
72 80 0.138951
72 81 0.170035
72 82 0.138951
72 83 0.822815
72 84 0.084367
72 85 0.138951
72 86 0.138951
72 87 0.382774
72 88 0.170035
72 89 0.170035
72 90 0.138951
72 91 0.170035
72 92 0.138951
72 93 0.456902
72 94 0.138951
72 95 0.138951
72 97 0.138951
72 98 0.138951
72 100 0.170036
72 101 0.138952
72 102 0.138952
73 74 0.1796
73 75 0.790712
73 76 0.138951
73 79 0.138951
73 80 0.138951
73 81 0.138951
73 82 0.847323
73 83 0.382774
73 85 0.138951
73 86 0.138951
73 87 0.138951
73 88 0.138951
73 89 0.138951
73 90 0.138951
73 91 0.138951
73 92 0.138951
73 93 0.138951
73 94 0.382774
73 95 0.382774
73 97 0.1796
73 98 0.159215
73 100 0.138952
73 101 0.138952
73 102 0.138952
74 75 0.949123
74 76 0.934823
74 77 0.985569
74 78 0.863198
74 79 0.949315
74 80 0.999418
74 81 0.381061
74 82 0.954729
74 83 0.834404
74 85 0.381061
74 86 0.380126
74 87 0.982581
74 88 0.381061
74 89 0.138951
74 90 0.993519
74 91 0.954901
74 92 0.381061
74 93 0.138951
74 94 0.381061
74 95 0.138951
74 97 0.998558
74 98 0.138951
74 99 0.617202
74 100 0.138952
74 101 0.138952
74 102 0.138952
75 76 0.982581
75 77 0.998994
75 78 0.863198
75 79 0.989422
75 80 0.936651
75 81 0.381061
75 82 0.381061
75 83 0.999418
75 85 0.381061
75 86 0.996901
75 87 0.381061
75 88 0.999485
75 89 0.138951
75 90 0.381061
75 91 0.381061
75 92 0.949315
75 93 0.1796
75 94 0.381061
75 95 0.138951
75 97 0.949123
75 98 0.138951
75 100 0.138952
75 101 0.138952
75 102 0.138952
76 77 0.945473
76 78 0.998636
76 79 0.973172
76 80 0.999529
76 81 0.982581
76 82 0.954729
76 83 0.982581
76 85 0.381061
76 86 0.380126
76 87 0.380126
76 88 0.954729
76 89 0.138951
76 90 0.381061
76 91 0.381061
76 92 0.949315
76 93 0.138951
76 94 0.381061
76 95 0.138951
76 97 0.993519
76 98 0.138951
76 100 0.138952
76 101 0.138952
76 102 0.138952
77 78 0.541844
77 79 0.939322
77 80 0.984944
77 81 0.207421
77 82 0.986658
77 83 0.960117
77 84 0.085443
77 85 0.208073
77 86 0.945473
77 87 0.931676
77 88 0.972008
77 90 0.208073
77 91 0.900358
77 92 0.995671
77 94 0.682576
77 97 0.818579
78 79 0.686252
78 80 0.99982
78 81 0.717949
78 83 0.88841
78 84 0.085443
78 97 0.360465
79 80 0.138951
79 81 0.949315
79 82 0.847323
79 83 0.949315
79 84 0.085443
79 85 0.138951
79 86 0.949315
79 87 0.949315
79 88 0.949315
79 89 0.138951
79 90 0.138951
79 91 0.949315
79 92 0.949315
79 93 0.138951
79 94 0.138951
79 95 0.254666
79 96 0.085443
79 97 0.949315
79 98 0.138951
79 100 0.138952
79 101 0.138952
79 102 0.138952
80 81 0.834404
80 82 0.99845
80 83 0.949123
80 85 0.138951
80 86 0.982581
80 87 0.138951
80 88 0.999506
80 89 0.138951
80 90 0.138951
80 91 0.99845
80 92 0.949315
80 93 0.138951
80 94 0.138951
80 95 0.138951
80 97 0.381061
80 98 0.138951
80 100 0.138952
80 101 0.138952
80 102 0.138952
81 82 0.381061
81 83 0.96977
81 84 0.074771
81 85 0.381061
81 86 0.999999
81 87 0.381061
81 88 1.0
81 89 0.170035
81 90 0.138951
81 91 0.438711
81 92 0.949315
81 93 0.138951
81 94 0.381061
81 95 0.138951
81 96 0.617202
81 97 0.996901
81 98 0.138951
81 100 0.170036
81 101 0.138952
81 102 0.138952
82 83 0.987812
82 85 0.381061
82 86 0.138951
82 87 0.381061
82 88 0.381061
82 89 0.138951
82 90 0.138951
82 91 0.954901
82 92 0.381061
82 93 0.138951
82 94 0.999094
82 95 0.847323
82 97 0.455102
82 98 0.99845
82 100 0.138952
82 101 0.138952
82 102 0.138952
83 85 0.419434
83 86 0.381061
83 87 0.999384
83 88 0.381061
83 89 0.138951
83 90 0.949315
83 91 0.954901
83 92 0.381061
83 93 0.946938
83 94 0.419434
83 95 0.138951
83 97 0.381061
83 98 0.949315
83 100 0.381062
83 101 0.138952
83 102 0.138952
84 92 0.074771
84 93 0.117684
85 86 0.138951
85 87 0.381061
85 88 0.381061
85 89 0.138951
85 90 0.996901
85 91 0.381061
85 92 0.381061
85 93 0.138951
85 94 0.381061
85 95 0.138951
85 97 0.381061
85 98 0.138951
85 100 0.138952
85 101 0.138952
85 102 0.138952
86 87 0.381061
86 88 0.99999
86 89 0.138951
86 90 0.159215
86 91 0.381061
86 92 0.946572
86 93 0.138951
86 94 0.137472
86 95 0.138951
86 97 0.996901
86 98 0.138951
86 100 0.159215
86 101 0.138952
86 102 0.138952
87 88 0.381061
87 89 0.138951
87 90 0.962133
87 91 0.381061
87 92 0.381061
87 93 0.382774
87 94 0.381061
87 95 0.138951
87 97 0.381061
87 98 0.138951
87 100 0.138952
87 101 0.138952
87 102 0.138952
88 89 0.170035
88 90 0.138951
88 91 0.438711
88 92 0.998148
88 93 0.138951
88 94 0.381061
88 95 0.138951
88 97 0.999986
88 98 0.138951
88 100 0.170036
88 101 0.179601
88 102 0.138952
89 90 0.138951
89 91 0.170035
89 92 0.138951
89 93 0.138951
89 94 0.138951
89 95 0.138951
89 97 0.138951
89 98 0.138951
89 100 0.170036
89 101 0.138952
89 102 0.138952
90 91 0.138951
90 92 0.138951
90 93 0.138951
90 94 0.138951
90 95 0.138951
90 97 0.138951
90 98 0.138951
90 100 0.138952
90 101 0.138952
90 102 0.138952
91 92 0.381061
91 93 0.138951
91 94 0.954901
91 95 0.138951
91 97 0.381061
91 98 0.949315
91 100 0.438712
91 101 0.138952
91 102 0.138952
92 93 0.138951
92 94 0.381061
92 95 0.138951
92 97 0.996901
92 98 0.949315
92 100 0.188873
92 101 0.138952
92 102 0.138952
93 94 0.138951
93 95 0.138951
93 97 0.138951
93 98 0.138951
93 100 0.138952
93 101 0.138952
93 102 0.138952
94 95 0.99998
94 97 0.381061
94 98 0.994796
94 100 0.138952
94 101 0.138952
94 102 0.138952
95 96 0.090389
95 97 0.138951
95 98 0.138951
95 100 0.138952
95 101 0.138952
95 102 0.138952
97 98 0.138951
97 100 0.138952
97 101 0.138952
97 102 0.138952
98 100 0.138952
98 101 0.179601
98 102 0.138952
100 101 0.138952
100 102 0.138952
101 102 0.138952